frequency;V(/Vo) (fase);V(/Vo) (ganancia);
1;-0.00662616;-3.93435e-08;
1.25893;-0.00834184;-6.23553e-08;
1.58489;-0.0105018;-9.88264e-08;
1.99526;-0.0132209;-1.56629e-07;
2.51189;-0.0166442;-2.48241e-07;
3.16228;-0.0209538;-3.93435e-07;
3.98107;-0.0263792;-6.23553e-07;
5.01187;-0.0332095;-9.88264e-07;
6.30957;-0.0418082;-1.56629e-06;
7.94328;-0.0526335;-2.48241e-06;
10;-0.0662616;-3.93435e-06;
12.5893;-0.0834184;-6.23552e-06;
15.8489;-0.105017;-9.88263e-06;
19.9526;-0.132209;-1.56629e-05;
25.1189;-0.166441;-2.4824e-05;
31.6228;-0.209537;-3.93433e-05;
39.8107;-0.263791;-6.23549e-05;
50.1187;-0.332093;-9.88254e-05;
63.0957;-0.418079;-0.000156627;
79.4328;-0.526327;-0.000248234;
100;-0.662601;-0.000393419;
125.893;-0.834154;-0.000623513;
158.489;-1.05011;-0.000988165;
199.526;-1.32197;-0.00156604;
251.189;-1.66417;-0.00248178;
316.228;-2.09489;-0.00393277;
398.107;-2.63696;-0.00623156;
501.187;-3.31903;-0.00987269;
630.957;-4.177;-0.0156379;
794.328;-5.25573;-0.0247614;
1000;-6.61099;-0.0391864;
1258.93;-8.31167;-0.0619619;
1584.89;-10.4418;-0.0978435;
1995.26;-13.1022;-0.15418;
2511.89;-16.41;-0.242167;
3162.28;-20.4946;-0.378476;
3981.07;-25.4874;-0.587098;
5011.87;-31.5012;-0.900794;
6309.57;-38.599;-1.36096;
7943.28;-46.7599;-2.01433;
10000;-55.8581;-2.90585;
12589.3;-65.6786;-4.07004;
15848.9;-75.9699;-5.52584;
19952.6;-86.5029;-7.27897;
25118.9;-97.0917;-9.32949;
31622.8;-107.565;-11.6775;
39810.7;-117.724;-14.322;
50118.7;-127.327;-17.2534;
63095.7;-136.127;-20.4474;
79432.8;-143.936;-23.865;
100000;-150.663;-27.4597;
125893;-156.319;-31.186;
158489;-160.989;-35.0051;
199526;-164.795;-38.8875;
251189;-167.868;-42.8119;
316228;-170.336;-46.7635;
398107;-172.31;-50.7328;
501187;-173.885;-54.7133;
630957;-175.139;-58.7009;
794328;-176.137;-62.6931;
1e+06;-176.931;-66.6882;
1.25893e+06;-177.561;-70.6851;
1.58489e+06;-178.063;-74.6831;
1.99526e+06;-178.461;-78.6819;
2.51189e+06;-178.778;-82.6811;
3.16228e+06;-179.029;-86.6806;
3.98107e+06;-179.229;-90.6803;
5.01187e+06;-179.387;-94.6801;
6.30957e+06;-179.513;-98.6799;
7.94328e+06;-179.613;-102.68;
1e+07;-179.693;-106.68;
1.25893e+07;-179.756;-110.68;
1.58489e+07;-179.806;-114.68;
1.99526e+07;-179.846;-118.68;
2.51189e+07;-179.878;-122.68;
3.16228e+07;-179.903;-126.68;
3.98107e+07;-179.923;-130.68;
5.01187e+07;-179.939;-134.68;
6.30957e+07;-179.951;-138.68;
7.94328e+07;-179.961;-142.68;
1e+08;-179.969;-146.68;
